[header]
width=20
height=8
tilewidth=128
tileheight=128
orientation=orthogonal

[tilesets]
tileset=../../../assets/drawable-hhdpi/tile_matrix_bg.png,128,128,0,0
tileset=../../../assets/drawable-hhdpi/tile_matrix_bg2.png,128,128,0,0
tileset=../../../assets/drawable-hhdpi/tile_matrix.png,128,128,0,0

[layer]
type=Capa de patrones 1
data=
0,0,0,0,0,0,0,0,0,0,0,0,0,0,0,0,0,0,0,0,
0,0,0,0,0,0,0,0,0,0,0,0,0,0,0,0,0,0,0,38,
39,0,0,0,0,0,0,0,0,0,0,0,0,0,0,0,1,2,3,4,
0,0,0,0,0,0,0,0,0,0,0,0,0,0,0,0,9,10,11,12,
0,0,0,0,0,0,0,0,0,0,0,0,0,0,0,0,17,18,19,20,
8,0,0,0,0,0,0,33,34,35,36,37,0,0,0,0,25,26,13,14,
16,0,0,0,0,0,0,21,22,23,24,0,0,0,38,39,21,22,23,24,
0,0,0,0,0,0,0,0,0,31,32,0,0,0,0,0,29,0,31,0

[layer]
type=Capa de patrones 2
data=
0,0,0,0,0,0,0,0,0,0,0,0,0,0,0,0,0,0,0,0,
0,0,0,0,0,0,0,0,0,0,0,0,0,0,0,0,0,0,0,0,
0,0,0,104,105,107,108,0,0,0,0,0,0,0,43,0,0,0,0,0,
0,0,0,114,115,117,118,0,0,0,0,0,0,0,0,0,0,0,0,0,
0,0,0,0,0,0,0,0,0,0,0,0,0,0,0,0,0,0,0,0,
0,0,0,0,0,0,0,0,0,0,0,0,0,0,0,0,0,0,0,0,
0,0,0,0,0,0,0,0,0,0,0,0,0,0,0,0,0,0,0,0,
0,0,0,0,0,0,0,0,0,0,0,0,0,0,0,0,0,0,0,0

[layer]
type=Capa de Patrones 3
data=
0,0,0,0,0,0,0,175,174,174,173,0,0,0,0,0,0,0,0,0,
0,0,0,0,176,0,0,0,0,0,0,0,0,0,0,0,176,0,0,0,
0,0,0,0,0,0,176,0,0,0,0,0,0,0,0,0,0,0,0,139,
0,0,0,0,0,0,0,0,0,0,0,0,175,174,173,0,0,0,0,138,
0,0,0,171,172,172,172,170,0,0,0,139,0,0,0,0,0,0,0,138,
0,0,171,156,158,156,158,167,0,0,171,167,0,0,183,184,185,0,0,138,
0,171,158,158,168,158,168,167,0,0,169,168,170,0,0,0,0,180,178,138,
171,158,156,168,158,156,158,156,172,172,158,156,158,172,172,172,170,0,0,138

